0.4753282498408276


[[738.4553542    0.         247.65478894]
 [  0.         733.49194979 330.40166854]
 [  0.           0.           1.        ]]


[[ 0.09303247 -0.52366945 -0.00159251  0.00691443  1.17481601]]


[array([[-0.50689707],
       [-0.09510063],
       [-0.21946999]]), array([[ 0.13889284],
       [-0.17159304],
       [-0.14906021]]), array([[ 0.15812904],
       [-0.29373244],
       [-0.11496042]]), array([[-0.1179135 ],
       [ 0.02114846],
       [ 0.05746834]]), array([[ 0.37059892],
       [ 0.32671972],
       [-1.34893444]]), array([[ 0.19238335],
       [-0.09197025],
       [ 0.054057  ]]), array([[ 0.29913562],
       [-0.34688473],
       [-0.08876848]]), array([[0.38414646],
       [0.01083674],
       [0.05904116]]), array([[ 0.33862472],
       [-0.24525384],
       [-0.11916249]]), array([[ 0.0789599 ],
       [-0.3151613 ],
       [-0.14281634]]), array([[ 0.07483721],
       [ 0.02474254],
       [-1.41516998]]), array([[ 0.3583283 ],
       [-0.26470106],
       [-0.09445909]]), array([[ 0.55512845],
       [-0.10457977],
       [ 0.4922937 ]]), array([[ 0.04240666],
       [-0.21228896],
       [-0.11213768]]), array([[-0.51177247],
       [-0.08345826],
       [-0.20598114]]), array([[ 0.34261672],
       [-0.25259531],
       [-0.09657443]]), array([[ 0.14873387],
       [-0.29290064],
       [-0.11791937]]), array([[-0.04469053],
       [-0.00690109],
       [-0.09435353]]), array([[0.05981932],
       [0.01061232],
       [0.06384688]]), array([[-7.25147053e-01],
       [-5.49610451e-02],
       [-4.58635203e-04]]), array([[ 0.4022423 ],
       [-0.37124434],
       [-0.03936256]]), array([[-0.11220315],
       [ 0.02429199],
       [ 0.06477873]]), array([[ 0.3142689 ],
       [ 0.20035676],
       [-1.37070016]]), array([[ 0.40977658],
       [-0.27534991],
       [ 0.09196889]]), array([[-0.33855101],
       [-0.11017994],
       [-0.41096776]]), array([[ 0.1522613 ],
       [-0.29542872],
       [-0.11667348]]), array([[ 0.4064941 ],
       [-0.27414333],
       [ 0.08452017]]), array([[ 0.42393021],
       [ 0.18917723],
       [-0.97409778]]), array([[ 0.44614334],
       [-0.38302406],
       [-0.03219173]]), array([[-0.39426459],
       [ 0.13156812],
       [-0.00573274]]), array([[ 0.51660542],
       [-0.09589215],
       [ 0.51541702]]), array([[ 0.44663524],
       [-0.28491537],
       [ 0.05662547]]), array([[ 0.33761063],
       [-0.26022663],
       [-0.10030697]]), array([[-0.52630146],
       [ 0.15643607],
       [-0.0073001 ]]), array([[ 0.17158349],
       [-0.09505703],
       [ 0.05872121]]), array([[ 0.35096559],
       [-0.23824252],
       [-0.11627148]]), array([[ 0.44580077],
       [-0.28231486],
       [ 0.05589997]])]


[array([[-4.79028554],
       [ 0.60045503],
       [20.55452489]]), array([[-2.19254507],
       [ 2.41038985],
       [22.23142721]]), array([[-4.27506918],
       [-6.69888278],
       [17.78365697]]), array([[-2.76156834],
       [-4.91045105],
       [20.58128426]]), array([[-2.56876207],
       [ 1.80266469],
       [19.44495937]]), array([[-5.93203874],
       [ 1.72637707],
       [18.64941689]]), array([[-3.58946644],
       [ 0.47606706],
       [15.11007693]]), array([[-3.50854833],
       [-0.98346395],
       [18.68898277]]), array([[-2.36593387],
       [ 3.26627268],
       [20.09063727]]), array([[-5.10033594],
       [-3.41801621],
       [16.74169225]]), array([[-4.70372208],
       [-0.64095951],
       [22.6309391 ]]), array([[-0.70490581],
       [ 2.0119558 ],
       [21.85654238]]), array([[-2.18371823],
       [-0.97372954],
       [19.25136049]]), array([[-2.87421324],
       [-4.4798599 ],
       [20.09582692]]), array([[-4.58330092],
       [ 0.60627263],
       [20.57399319]]), array([[-2.36661084],
       [-0.39458326],
       [20.98899481]]), array([[-4.61018576],
       [-6.9340365 ],
       [18.07885882]]), array([[-4.65749659],
       [-4.90942455],
       [20.04691702]]), array([[-3.26145927],
       [-0.36208052],
       [19.01119532]]), array([[-3.67698916],
       [ 0.93568836],
       [19.56104424]]), array([[-3.42198663],
       [-1.35739171],
       [13.10827718]]), array([[-4.55445991],
       [-5.3418198 ],
       [21.33265513]]), array([[-2.55155993],
       [ 1.32446645],
       [21.9585798 ]]), array([[-2.96877227],
       [-0.80947128],
       [16.56608478]]), array([[-4.74298771],
       [-0.42520154],
       [21.22778516]]), array([[-4.26145839],
       [-6.43105118],
       [17.62326233]]), array([[-3.17899305],
       [-1.26158852],
       [16.29108293]]), array([[-4.1950251 ],
       [-0.9810802 ],
       [22.48180413]]), array([[-3.05682411],
       [-0.66399958],
       [12.55061254]]), array([[-4.72521244],
       [ 0.67513192],
       [21.40513938]]), array([[-2.39511895],
       [-5.34982121],
       [16.49455663]]), array([[-2.76299186],
       [ 2.16964157],
       [17.95892138]]), array([[-2.07979839],
       [-0.4769212 ],
       [21.15862396]]), array([[-3.20118645],
       [ 2.10631751],
       [24.34123492]]), array([[-4.56117491],
       [ 1.02738366],
       [17.73852218]]), array([[-2.14445824],
       [ 3.56063136],
       [20.550839  ]]), array([[-2.96964681],
       [ 1.92069149],
       [17.8965544 ]])]
