1.4189054108077732


[[515.0888372    0.         315.33616367]
 [  0.         515.58976772 271.23339322]
 [  0.           0.           1.        ]]


[[-0.1392442   0.39064641  0.00405821  0.00265702 -0.41615217]]


[array([[-0.94391414],
       [-0.65956696],
       [-0.25743792]]), array([[ 0.0335491 ],
       [-0.23374484],
       [-0.04318204]]), array([[-0.18735244],
       [-0.23633321],
       [ 0.00555048]]), array([[-0.16951133],
       [-0.03249411],
       [ 0.03504278]]), array([[0.12824827],
       [0.27157073],
       [3.11284685]]), array([[ 1.26568068],
       [-0.00420134],
       [ 2.62974612]]), array([[-0.10180425],
       [-0.15518795],
       [ 0.05461811]]), array([[ 0.99213198],
       [-0.03138178],
       [ 2.74407502]]), array([[0.47956933],
       [0.18878423],
       [3.04766871]]), array([[0.73655585],
       [0.06006747],
       [2.8474484 ]]), array([[-0.02667008],
       [ 0.07131068],
       [ 0.06072047]]), array([[0.40080802],
       [0.28863729],
       [3.05184512]]), array([[ 1.29285256],
       [-0.10308668],
       [ 2.58013787]]), array([[ 0.11534993],
       [-0.10413087],
       [ 0.14691094]]), array([[ 0.04794883],
       [-0.17445014],
       [ 0.15462113]]), array([[0.78442783],
       [0.01189583],
       [2.75552064]]), array([[-0.19589206],
       [-0.29441377],
       [ 0.01164328]]), array([[-0.0150167 ],
       [ 0.07827555],
       [ 0.03859614]]), array([[-0.341664  ],
       [-0.12939612],
       [ 3.00531582]]), array([[0.31348787],
       [0.23937956],
       [3.08963602]])]


[array([[-15.13929781],
       [  1.74772903],
       [ 28.69034713]]), array([[-9.98543804],
       [-8.52033678],
       [22.02662099]]), array([[-3.50376301],
       [-5.21036582],
       [13.58140166]]), array([[-3.00376637],
       [-2.79356375],
       [26.99649464]]), array([[12.72711525],
       [ 5.81821053],
       [30.40888376]]), array([[ 7.65888634],
       [ 3.84263719],
       [20.45118916]]), array([[ 4.07905462],
       [-2.30506026],
       [31.64424062]]), array([[ 6.03719639],
       [ 4.3624698 ],
       [21.77624218]]), array([[ 8.39798929],
       [ 1.036282  ],
       [19.01608648]]), array([[ 7.63175436],
       [ 4.78348482],
       [27.61437413]]), array([[ 5.33825363],
       [-6.68961029],
       [28.00983579]]), array([[12.68863563],
       [ 3.59118819],
       [25.44665671]]), array([[ 7.11289098],
       [ 4.09495175],
       [20.06923913]]), array([[-3.46230505],
       [-9.2924784 ],
       [23.79886186]]), array([[-5.86379153],
       [-9.8863747 ],
       [22.95980344]]), array([[ 6.91853245],
       [ 4.50050187],
       [24.01701296]]), array([[-4.90068991],
       [-4.62439178],
       [11.75838124]]), array([[ 4.71684831],
       [-7.91169302],
       [25.08772524]]), array([[ 1.69250235],
       [-3.23903983],
       [25.24819289]]), array([[ 7.82449156],
       [ 3.1473256 ],
       [20.68474937]])]
20 out of 79 detected

