0.23584037125696708


[[517.03587615   0.         317.22014251]
 [  0.         514.36431945 241.10158634]
 [  0.           0.           1.        ]]


[[ 3.49228875e-02 -1.15295747e-01  1.90697426e-04  2.13302740e-05
   4.17554877e-02]]


[array([[-0.50557649],
       [-0.12693557],
       [-0.08950848]]), array([[ 0.05377432],
       [-0.41256876],
       [ 3.05546348]]), array([[-0.08760251],
       [-0.0855734 ],
       [ 3.02189144]]), array([[-0.50744539],
       [-0.12907469],
       [-0.08236659]]), array([[-0.29400239],
       [-0.2550738 ],
       [-0.00608036]]), array([[-0.505256  ],
       [-0.12398714],
       [-0.0864241 ]]), array([[ 0.12623966],
       [-0.46226511],
       [ 2.90329474]]), array([[ 0.09235892],
       [-0.43829874],
       [ 2.89408788]]), array([[-0.51344077],
       [-0.12409795],
       [-0.07796762]]), array([[ 0.15820276],
       [-0.23004862],
       [ 3.00435193]]), array([[ 0.13384237],
       [-0.47996932],
       [ 2.9148461 ]]), array([[-0.30907069],
       [-0.09875416],
       [ 3.05127027]]), array([[ 0.06999264],
       [-0.18018918],
       [ 3.00931295]]), array([[-0.60170258],
       [-0.09249439],
       [-0.0948454 ]]), array([[-0.32364157],
       [-0.47879685],
       [ 2.89156528]]), array([[-0.01508852],
       [-0.18069412],
       [ 3.00094359]]), array([[-0.50525343],
       [-0.12571314],
       [-0.08980802]]), array([[ 0.09890059],
       [-0.44523927],
       [ 2.89861804]]), array([[-0.52306294],
       [-0.1129447 ],
       [-0.07393437]]), array([[ 0.20700955],
       [-0.45929904],
       [ 3.01064972]]), array([[-0.23794605],
       [-0.14235228],
       [ 3.04553059]]), array([[ 0.0051527 ],
       [-0.21566077],
       [ 2.97488958]]), array([[-0.49968596],
       [-0.12258026],
       [-0.09577446]]), array([[-0.08647355],
       [-0.22070888],
       [ 0.05952645]]), array([[-0.57533206],
       [-0.29167506],
       [ 2.90804541]]), array([[ 0.17203606],
       [-0.26009516],
       [ 3.03870567]]), array([[ 0.09686812],
       [-0.44594891],
       [ 2.90162929]]), array([[-0.07438538],
       [-0.29248111],
       [ 2.95196849]]), array([[ 0.19118566],
       [-0.33437032],
       [ 2.98002979]]), array([[-0.48696072],
       [-0.28790458],
       [ 2.91182531]]), array([[-0.49848138],
       [-0.1199272 ],
       [-0.0721076 ]]), array([[ 0.16183731],
       [-0.56207357],
       [-0.11196392]]), array([[ 0.23430642],
       [-0.26387552],
       [ 3.0106924 ]]), array([[-0.51201678],
       [-0.12973901],
       [-0.07780035]]), array([[ 0.10157471],
       [-0.48137706],
       [-0.10092563]]), array([[-0.67633134],
       [-0.13200461],
       [ 0.01403121]]), array([[-0.10213927],
       [-0.39223039],
       [ 2.83310816]])]


[array([[-4.56423933],
       [-4.67953526],
       [12.37577099]]), array([[ 3.75733533],
       [ 1.35625717],
       [20.12066233]]), array([[ 5.27522068],
       [ 0.86821143],
       [21.40573033]]), array([[-4.53207215],
       [-4.69269048],
       [12.2715752 ]]), array([[-6.54032288],
       [-4.12252898],
       [15.23887483]]), array([[-4.59690049],
       [-4.67905411],
       [12.24778359]]), array([[ 4.27615242],
       [ 0.82868382],
       [16.83484067]]), array([[ 4.25821923],
       [ 0.45061233],
       [17.2065054 ]]), array([[-4.72290153],
       [-4.71000223],
       [11.84176548]]), array([[ 1.85549143],
       [ 1.88057188],
       [17.83489519]]), array([[ 4.04715172],
       [ 1.37200945],
       [16.57688541]]), array([[ 0.63891675],
       [ 2.04306774],
       [23.15261313]]), array([[ 1.07029483],
       [ 1.25684763],
       [18.60842696]]), array([[-4.60725781],
       [-4.45251452],
       [11.86002913]]), array([[ 1.63305544],
       [ 1.01319525],
       [16.1833922 ]]), array([[ 0.95288065],
       [ 1.08655286],
       [19.17777099]]), array([[-4.60734634],
       [-4.67039514],
       [12.37291939]]), array([[ 4.3478873 ],
       [ 0.63958224],
       [17.23674251]]), array([[-4.64647299],
       [-4.73333549],
       [11.45994463]]), array([[ 3.68767081],
       [ 1.17528296],
       [15.84295547]]), array([[ 2.45510489],
       [ 2.29708089],
       [23.12828064]]), array([[ 0.38527975],
       [ 1.14045799],
       [16.45863211]]), array([[-4.58069435],
       [-4.75352763],
       [12.38446868]]), array([[-5.55232674],
       [-4.39581045],
       [15.16965328]]), array([[ 5.5483309 ],
       [ 0.08861015],
       [21.45656478]]), array([[ 4.53108234],
       [ 0.53647438],
       [17.12830416]]), array([[ 4.21938945],
       [ 0.75588015],
       [17.31399277]]), array([[ 0.40734649],
       [ 1.49260468],
       [16.51208925]]), array([[ 3.58678379],
       [ 0.93986518],
       [16.0143422 ]]), array([[ 6.41857042],
       [ 0.13938452],
       [19.53731838]]), array([[-4.38011691],
       [-4.81861873],
       [11.56536961]]), array([[-7.73435621],
       [-3.28076927],
       [14.16646697]]), array([[ 4.2160848 ],
       [ 0.43185211],
       [14.90414849]]), array([[-4.69858739],
       [-4.69490821],
       [12.23768096]]), array([[-7.27837269],
       [-3.18320693],
       [14.74423556]]), array([[-4.48961046],
       [-4.85681312],
       [12.34045802]]), array([[ 4.91703385],
       [-0.87384806],
       [17.49030519]])]
37 out of 66 detected
