0.7216672261486173


[[517.96148539   0.         312.07457306]
 [  0.         517.08096227 238.59378242]
 [  0.           0.           1.        ]]


[[-0.39493447  0.22276512  0.00238482  0.00641412 -0.08170871]]


[array([[-0.17109879],
       [-0.41340563],
       [ 0.02802161]]), array([[ 0.02352827],
       [-0.03258153],
       [ 0.05789206]]), array([[ 0.00869323],
       [-0.38333804],
       [ 0.06026358]]), array([[ 0.0391211 ],
       [-0.01987788],
       [ 1.71365842]]), array([[ 0.0314495 ],
       [-0.14433089],
       [ 0.0531367 ]]), array([[-0.12609952],
       [-0.1937598 ],
       [ 1.6923943 ]]), array([[0.02181176],
       [0.01203676],
       [0.05935988]]), array([[-0.07307206],
       [ 0.0431582 ],
       [ 0.0512338 ]]), array([[-0.01057845],
       [-0.00666264],
       [ 1.71439523]]), array([[-0.14626668],
       [-0.1362992 ],
       [ 1.70508596]]), array([[ 0.00714493],
       [-0.39631316],
       [ 0.06098769]]), array([[-0.23580258],
       [-0.21268713],
       [ 1.68828185]]), array([[-0.08204024],
       [ 0.06322093],
       [ 0.05135805]]), array([[-0.15239366],
       [-0.05841739],
       [ 1.70126201]]), array([[-0.18149961],
       [-0.251304  ],
       [ 1.65885878]]), array([[-0.17831778],
       [-0.25607883],
       [ 1.65793039]]), array([[-0.11928166],
       [-0.32279113],
       [ 1.64012016]]), array([[-0.15870356],
       [-0.09447115],
       [ 1.69128747]]), array([[-0.08205958],
       [-0.33130916],
       [ 0.07115606]]), array([[ 0.03915491],
       [-0.36211116],
       [ 0.0478357 ]]), array([[ 0.0549665 ],
       [-0.2598992 ],
       [ 0.07871597]]), array([[ 0.02027851],
       [-0.51905748],
       [ 0.05691361]]), array([[-0.23061374],
       [-0.3472363 ],
       [ 1.64090161]]), array([[-0.04970305],
       [-0.16470527],
       [ 1.6645888 ]]), array([[ 0.01089112],
       [-0.16069082],
       [ 0.06941032]]), array([[-0.1162191 ],
       [-0.27278948],
       [ 1.65046   ]]), array([[-0.0014737 ],
       [-0.14061196],
       [ 0.06015688]]), array([[ 0.0199989 ],
       [-0.00365223],
       [ 0.0585859 ]]), array([[-0.03657659],
       [ 0.18949533],
       [ 0.08374227]]), array([[ 0.0103638 ],
       [-0.36105626],
       [ 0.05750278]]), array([[-0.05590254],
       [-0.25081219],
       [ 0.07363513]]), array([[ 0.04541947],
       [-0.03048594],
       [ 1.7199587 ]]), array([[-0.07106659],
       [-0.1372351 ],
       [ 1.71245152]]), array([[-0.09138382],
       [-0.30811533],
       [ 1.642913  ]]), array([[ 0.11859358],
       [-0.18480707],
       [ 1.85746311]]), array([[ 0.02790768],
       [-0.21507903],
       [ 0.05898314]]), array([[ 0.08638406],
       [-0.02207602],
       [ 0.05053724]]), array([[ 0.01939948],
       [-0.30584536],
       [ 0.05370483]]), array([[ 0.01307503],
       [-0.07811741],
       [ 1.71440535]]), array([[ 0.01252222],
       [-0.11813474],
       [ 0.05046626]]), array([[-0.21732508],
       [-0.21314255],
       [ 1.69997152]]), array([[-0.05656589],
       [ 0.0346384 ],
       [ 0.05023774]]), array([[-0.07703163],
       [-0.01404519],
       [ 0.06120876]]), array([[ 0.01927861],
       [-0.15433901],
       [ 1.71580356]]), array([[-0.0146537 ],
       [-0.09624734],
       [ 0.05684955]]), array([[-0.04841203],
       [ 0.05122924],
       [ 0.04881131]]), array([[-0.1591815 ],
       [-0.1654711 ],
       [ 1.69408775]]), array([[ 0.01236607],
       [-0.5386827 ],
       [ 0.06141984]]), array([[ 0.00590776],
       [-0.14897012],
       [ 0.06099883]]), array([[ 0.05357612],
       [-0.16211299],
       [ 1.71057809]]), array([[-0.12537627],
       [-0.27168367],
       [ 1.65211617]]), array([[-0.03664457],
       [-0.1335892 ],
       [ 1.70401434]]), array([[-0.16930621],
       [-0.11075858],
       [ 1.68793895]]), array([[-0.10582212],
       [-0.01255629],
       [ 0.05831883]]), array([[-0.21527838],
       [-0.23373035],
       [ 1.66217661]]), array([[-0.01050663],
       [-0.0099597 ],
       [ 0.07053291]]), array([[ 0.02743929],
       [-0.18919976],
       [ 0.05324823]]), array([[-0.05608395],
       [ 0.19622393],
       [ 0.05391308]]), array([[-0.19813008],
       [-0.12977889],
       [ 1.69323659]]), array([[ 0.0240107 ],
       [-0.02624828],
       [ 0.05926981]]), array([[-0.1484702 ],
       [-0.21129998],
       [ 1.66319438]]), array([[-0.07847174],
       [-0.31142061],
       [ 0.07439993]]), array([[-0.0771873 ],
       [ 0.00425963],
       [ 0.05944877]]), array([[ 0.00802413],
       [-0.00070052],
       [ 0.05356271]]), array([[-0.09529949],
       [-0.20456261],
       [ 1.72619415]]), array([[-0.0311663 ],
       [ 0.0215593 ],
       [ 0.04909292]]), array([[-0.12701831],
       [-0.27332392],
       [ 1.65163238]]), array([[-0.11765978],
       [-0.2159773 ],
       [ 1.68861835]]), array([[-0.07594282],
       [-0.16293262],
       [ 0.07014338]]), array([[-0.057461  ],
       [ 0.26516686],
       [ 0.05126016]]), array([[-0.20009052],
       [-0.14142381],
       [ 1.68198615]]), array([[-0.02238974],
       [-0.32503521],
       [ 0.06851561]]), array([[-0.02147185],
       [ 0.00282385],
       [ 0.05207415]]), array([[-0.01096234],
       [-0.08087009],
       [ 1.71349745]]), array([[-0.00092281],
       [ 0.0048822 ],
       [ 0.0576395 ]]), array([[ 3.12899305e-04],
       [-3.45215757e-01],
       [ 5.84595880e-02]]), array([[-0.2371084 ],
       [-0.21803736],
       [ 1.64370128]]), array([[-0.00021172],
       [-0.16274852],
       [ 0.05753041]]), array([[-0.17848712],
       [-0.24416498],
       [ 1.6597935 ]]), array([[-0.03097063],
       [-0.09966052],
       [ 0.07155628]]), array([[-0.02810017],
       [ 0.00277182],
       [ 0.05056618]]), array([[0.03105242],
       [0.03574135],
       [0.0629887 ]]), array([[-0.07900806],
       [ 0.04793515],
       [ 0.05208111]]), array([[-0.06236324],
       [-0.13296871],
       [ 1.65688227]]), array([[ 0.01534669],
       [-0.54143938],
       [ 0.0523649 ]]), array([[-0.22690891],
       [-0.35288142],
       [ 1.73480857]]), array([[-0.04241801],
       [-0.20939262],
       [ 0.06660401]]), array([[ 0.00684007],
       [-0.26047488],
       [ 0.10276386]]), array([[-0.08855432],
       [-0.30494932],
       [ 1.64352265]]), array([[ 0.00386461],
       [-0.02564072],
       [ 0.06695467]]), array([[-0.05545704],
       [ 0.04261806],
       [ 0.04910663]]), array([[-1.36342518e-03],
       [-1.14454269e-01],
       [ 1.70091503e+00]]), array([[-0.08574302],
       [-0.3369013 ],
       [ 0.07707975]]), array([[-0.1675142 ],
       [-0.23720043],
       [ 1.66044713]]), array([[-0.06790591],
       [ 0.22367353],
       [ 0.05103748]]), array([[-0.01681849],
       [-0.27039835],
       [ 0.06056521]]), array([[ 0.01529099],
       [-0.54327638],
       [ 0.05321063]]), array([[ 0.01134677],
       [-0.52305854],
       [ 0.0616158 ]]), array([[ 0.02723691],
       [-0.12017608],
       [ 0.05120373]]), array([[ 0.30709337],
       [-0.10604808],
       [ 2.46251729]]), array([[ 0.14775823],
       [-0.14450259],
       [ 1.89655917]]), array([[ 0.02765787],
       [-0.48291966],
       [ 0.04433027]]), array([[-0.05458618],
       [-0.24397698],
       [ 0.07192588]]), array([[-0.1960372 ],
       [-0.20132991],
       [ 1.71326735]]), array([[-0.00053117],
       [-0.221668  ],
       [ 0.06071699]]), array([[-0.08377191],
       [-0.03053098],
       [ 0.07107881]]), array([[-0.07588785],
       [ 0.0724091 ],
       [ 0.05129499]]), array([[ 0.01776752],
       [-0.51587488],
       [ 0.05900678]]), array([[ 0.03544947],
       [-0.17542295],
       [ 1.71863221]]), array([[-0.13169889],
       [-0.27945205],
       [ 1.65083897]]), array([[-0.18250932],
       [-0.27011168],
       [ 1.65540099]]), array([[-0.09881961],
       [ 0.06777754],
       [ 0.05204005]]), array([[-0.03537549],
       [-0.24894858],
       [ 0.06601692]]), array([[-0.132601  ],
       [-0.0586678 ],
       [ 1.70627859]]), array([[-0.00682104],
       [-0.00676294],
       [ 0.0596965 ]]), array([[-0.04326212],
       [ 0.28154006],
       [ 0.05296957]]), array([[-0.06686537],
       [-0.35005669],
       [ 0.07977352]]), array([[-0.18539782],
       [-0.25124   ],
       [ 1.65898616]]), array([[ 0.01410108],
       [-0.51586762],
       [ 0.05812503]]), array([[-0.08031151],
       [ 0.34187753],
       [ 0.04469409]]), array([[-0.18293753],
       [-0.27161111],
       [ 1.65518045]]), array([[0.01997177],
       [0.00138508],
       [0.05862609]]), array([[ 0.09898787],
       [-0.15352287],
       [ 1.83607474]]), array([[-0.48990074],
       [-0.15675778],
       [-3.07298689]]), array([[-0.03688276],
       [-0.1831662 ],
       [ 0.06339755]]), array([[ 0.02979526],
       [-0.08929161],
       [ 1.71519054]]), array([[-0.07114593],
       [-0.33883101],
       [ 0.07863473]]), array([[-0.20216147],
       [-0.21611287],
       [ 1.64720159]]), array([[-0.06699628],
       [ 0.03922074],
       [ 0.05018154]]), array([[-0.15870969],
       [-0.20478641],
       [ 1.66476341]]), array([[-0.20824263],
       [-0.21048652],
       [ 1.69311394]]), array([[0.02364984],
       [0.02356712],
       [0.05926434]]), array([[-0.19272294],
       [-0.30857693],
       [ 1.64762708]]), array([[-0.0945091 ],
       [ 0.02117483],
       [ 0.06003194]]), array([[ 0.0100923 ],
       [-0.20904258],
       [ 0.0611846 ]]), array([[ 0.13905488],
       [-0.14551609],
       [ 1.82895298]]), array([[-0.27150775],
       [-0.1973691 ],
       [ 1.68086912]]), array([[-0.16779489],
       [-0.23720815],
       [ 1.66046861]]), array([[-0.20257062],
       [-0.20480053],
       [ 1.68831688]]), array([[-0.03344251],
       [-0.25085329],
       [ 0.06400212]]), array([[-0.25195192],
       [-0.21002821],
       [ 1.68737822]])]


[array([[-1.57754574],
       [ 3.17433091],
       [19.26049306]]), array([[-1.27308032],
       [-2.94461702],
       [11.45737881]]), array([[-1.34963938],
       [-4.32794282],
       [15.74559483]]), array([[11.54543871],
       [-3.91694052],
       [20.08654835]]), array([[-1.29590868],
       [-3.02515721],
       [11.95245753]]), array([[13.54201388],
       [-3.48195599],
       [19.89640848]]), array([[-1.28799105],
       [-2.94025487],
       [11.27319785]]), array([[-0.69528824],
       [-5.84586797],
       [22.64879283]]), array([[13.92534129],
       [-3.9208251 ],
       [20.02291691]]), array([[ 5.31346575],
       [-2.38189037],
       [11.87208461]]), array([[-1.36977748],
       [-4.21090326],
       [15.72823453]]), array([[ 4.63647441],
       [-2.46439883],
       [13.67980337]]), array([[-0.74595996],
       [-4.76165391],
       [22.50458662]]), array([[ 3.6462283 ],
       [-2.06409243],
       [15.76849935]]), array([[ 3.24438267],
       [ 3.49408435],
       [24.58663261]]), array([[ 3.24705518],
       [ 3.37079028],
       [24.55377697]]), array([[ 3.79958273],
       [-6.81752762],
       [24.32836236]]), array([[ 3.70127351],
       [-2.06346019],
       [15.52266432]]), array([[-1.53349577],
       [ 2.6275463 ],
       [18.38717609]]), array([[-1.55247923],
       [-0.68499544],
       [15.59185211]]), array([[-0.78936978],
       [-4.16988211],
       [20.4076861 ]]), array([[-1.77005985],
       [-1.78524698],
       [14.89031095]]), array([[ 2.90376675],
       [-0.98211673],
       [17.05892696]]), array([[ 4.68431706],
       [-8.64864362],
       [36.56639936]]), array([[-0.6204287 ],
       [-6.70577345],
       [23.00437595]]), array([[ 3.42093151],
       [ 2.08006121],
       [26.02464861]]), array([[-1.29558528],
       [-2.03735326],
       [12.82363037]]), array([[-1.28943745],
       [-2.94380536],
       [11.35620218]]), array([[-0.56854572],
       [-1.98097542],
       [20.46019139]]), array([[-1.32607789],
       [-4.36522544],
       [15.6784561 ]]), array([[-0.51370718],
       [-5.52699307],
       [29.7593539 ]]), array([[ 9.83207795],
       [-3.74515384],
       [20.28536571]]), array([[ 5.95528389],
       [-3.62607861],
       [17.41915158]]), array([[ 3.84777439],
       [-7.20688603],
       [24.35950166]]), array([[ 9.90351423],
       [-1.51535141],
       [18.14472237]]), array([[-1.08293663],
       [-4.14300366],
       [16.55011038]]), array([[-0.72973232],
       [ 4.91297336],
       [32.66578203]]), array([[-1.21647445],
       [-4.33498865],
       [16.58112163]]), array([[ 9.38211797],
       [-3.68812182],
       [20.05204061]]), array([[-1.17295582],
       [-0.97711762],
       [17.34429737]]), array([[ 4.89893479],
       [-2.68538113],
       [14.09978672]]), array([[-0.65230089],
       [-6.73227382],
       [22.65895849]]), array([[-0.94140334],
       [-0.366345  ],
       [23.01702323]]), array([[12.18361397],
       [-2.9697608 ],
       [18.92115215]]), array([[-0.8866804 ],
       [-4.28908238],
       [19.30098751]]), array([[-0.62164849],
       [-7.5571113 ],
       [22.56461917]]), array([[ 5.37781763],
       [-3.811656  ],
       [16.84805651]]), array([[-1.83456363],
       [-0.70197567],
       [15.13974485]]), array([[-1.26136138],
       [-2.66981242],
       [12.67359098]]), array([[11.07178321],
       [-2.79456988],
       [18.47360039]]), array([[ 3.60050797],
       [-2.71046269],
       [24.12638803]]), array([[ 6.35017303],
       [-3.64708484],
       [17.12896911]]), array([[ 4.59169945],
       [-1.89065606],
       [14.38773128]]), array([[-0.84886063],
       [-1.9694689 ],
       [23.05532513]]), array([[ 2.99861372],
       [-2.47878188],
       [11.95589217]]), array([[-1.07927487],
       [-3.74202002],
       [12.42457282]]), array([[-1.31627461],
       [-3.02520181],
       [12.24086486]]), array([[-1.103753  ],
       [-3.21162914],
       [16.62744238]]), array([[ 5.28941552],
       [-2.58832616],
       [12.89842905]]), array([[-1.27388881],
       [-2.93857901],
       [11.42807109]]), array([[ 3.61390573],
       [ 1.66975145],
       [28.55430552]]), array([[-1.48221285],
       [ 1.65577601],
       [17.93540655]]), array([[-0.94480093],
       [-0.3767025 ],
       [22.94005499]]), array([[-1.26275909],
       [-2.97537834],
       [11.29881549]]), array([[ 5.53979354],
       [-2.27467494],
       [15.41635202]]), array([[-0.59548403],
       [-7.96653377],
       [22.62590177]]), array([[ 3.59667492],
       [-2.75493983],
       [24.1330504 ]]), array([[12.84038561],
       [-3.36865389],
       [19.68046591]]), array([[-0.44090272],
       [-5.49313625],
       [29.42716119]]), array([[-1.17143935],
       [-3.15357023],
       [16.8935324 ]]), array([[ 5.11333157],
       [-2.58042696],
       [12.70869612]]), array([[-0.79144169],
       [-5.88264975],
       [25.09330667]]), array([[-0.58502821],
       [-8.04630887],
       [22.65187277]]), array([[ 8.05443045],
       [-3.61488161],
       [19.35276685]]), array([[-1.16848958],
       [-3.30741438],
       [12.98775554]]), array([[-1.2784134 ],
       [-4.40800816],
       [16.30848927]]), array([[ 3.07086743],
       [-2.59328533],
       [11.95293694]]), array([[-0.91234923],
       [-4.10790271],
       [20.26098157]]), array([[ 3.42803714],
       [ 0.60900866],
       [24.79506722]]), array([[-0.34351942],
       [-0.9768799 ],
       [34.26245259]]), array([[-0.59040551],
       [-7.99627632],
       [22.68120055]]), array([[-1.27098147],
       [-2.92004945],
       [11.10756895]]), array([[-0.70577582],
       [-5.50881641],
       [22.60977187]]), array([[  4.80576387],
       [-11.42103055],
       [ 36.49992782]]), array([[-1.91631854],
       [-0.24958613],
       [15.58848725]]), array([[ 4.18367254],
       [ 1.09095701],
       [22.72342528]]), array([[-0.4931474 ],
       [-5.60001871],
       [29.55856887]]), array([[-0.32783954],
       [-4.84802989],
       [24.55750806]]), array([[ 3.85476956],
       [-7.2000083 ],
       [24.33106754]]), array([[-0.55922727],
       [-7.65729175],
       [22.56223604]]), array([[-0.64231079],
       [-7.1112205 ],
       [22.59646564]]), array([[ 7.35693238],
       [-3.52127436],
       [17.90265926]]), array([[-1.48052712],
       [ 0.64809436],
       [17.51186207]]), array([[ 3.4389491 ],
       [ 0.6467149 ],
       [24.77425109]]), array([[-1.12172599],
       [-3.19150701],
       [16.98375813]]), array([[-1.47755059],
       [-1.6735004 ],
       [12.49351728]]), array([[-1.91687018],
       [-0.24589013],
       [15.60042369]]), array([[-1.78745286],
       [-1.55616821],
       [15.02269857]]), array([[-1.29009599],
       [-3.02817038],
       [11.85504492]]), array([[ 9.5857544 ],
       [ 5.65842119],
       [20.22518771]]), array([[12.29104357],
       [-1.89506882],
       [18.07791107]]), array([[-1.80648784],
       [-0.33670694],
       [15.4022409 ]]), array([[-0.55023104],
       [-5.66233096],
       [28.63487864]]), array([[ 6.02666933],
       [-3.76087278],
       [14.51523785]]), array([[-1.41825929],
       [-1.33468111],
       [12.91288061]]), array([[-0.21031131],
       [-2.24525326],
       [36.91756848]]), array([[-0.73349155],
       [-5.06337509],
       [22.50830451]]), array([[-1.78132402],
       [-1.58055963],
       [14.98123267]]), array([[10.71612271],
       [-2.74973068],
       [18.44089957]]), array([[ 3.58624333],
       [-2.76011112],
       [24.18183618]]), array([[ 3.24140138],
       [ 2.9451619 ],
       [24.55099491]]), array([[-0.7953177 ],
       [-3.60143748],
       [22.52548002]]), array([[-1.44454706],
       [-1.52069633],
       [12.61318635]]), array([[ 3.95280811],
       [-2.08846484],
       [15.86245529]]), array([[-1.11988541],
       [-3.32188424],
       [13.69064606]]), array([[-1.19006796],
       [-3.13513698],
       [16.84614522]]), array([[-1.42112815],
       [-0.4015208 ],
       [17.54351093]]), array([[ 3.31843285],
       [ 2.30939307],
       [24.53785273]]), array([[-1.66960851],
       [-2.9720866 ],
       [14.91939722]]), array([[-1.26021859],
       [-2.91353805],
       [17.65363518]]), array([[ 3.2416469 ],
       [ 2.85517863],
       [24.55692062]]), array([[-1.29096843],
       [-2.94407535],
       [11.33038772]]), array([[10.99194851],
       [-1.7762593 ],
       [18.51098145]]), array([[ 6.1730234 ],
       [ 3.88805904],
       [15.95417848]]), array([[-0.48282673],
       [-5.62708144],
       [29.42655171]]), array([[ 9.12326787],
       [-3.63544511],
       [19.11314332]]), array([[-1.41564809],
       [-0.38573591],
       [17.4711153 ]]), array([[ 4.69261573],
       [-9.71420443],
       [38.26274188]]), array([[-0.67624983],
       [-6.2309455 ],
       [22.66500616]]), array([[ 3.61382702],
       [ 1.68555616],
       [28.67626273]]), array([[ 5.15712821],
       [-3.50994915],
       [15.10135937]]), array([[-1.28995565],
       [-2.93844223],
       [11.20909515]]), array([[ 3.02884655],
       [-0.95730467],
       [16.64389152]]), array([[-0.82565848],
       [-2.79499192],
       [22.50525886]]), array([[-0.92534036],
       [-4.09418787],
       [20.44526362]]), array([[11.49636548],
       [-2.2771541 ],
       [18.16905077]]), array([[ 4.31581305],
       [-2.62804581],
       [13.091111  ]]), array([[ 3.43773856],
       [ 0.6477977 ],
       [24.78367035]]), array([[ 4.99601653],
       [-3.49672216],
       [15.20869238]]), array([[-1.45718904],
       [-1.50374062],
       [12.60015205]]), array([[ 4.84634967],
       [-2.40846801],
       [13.55529545]])]
141 out of 154 detected
