0.16118335994685729


[[828.16430539   0.         319.60153345]
 [  0.         824.9262372  258.12933109]
 [  0.           0.           1.        ]]


[[ 0.00909249  0.67765187  0.00566359 -0.00480132 -1.81858169]]


[array([[0.01126174],
       [1.02417138],
       [2.77952088]]), array([[0.14405306],
       [0.27228615],
       [3.10120051]]), array([[-0.9344109 ],
       [-0.19558302],
       [-2.98454315]]), array([[0.06320718],
       [0.21585042],
       [3.09061977]]), array([[-0.12977447],
       [ 0.08665306],
       [ 3.09462432]]), array([[0.03342007],
       [0.14285342],
       [3.08380194]]), array([[ 0.69505579],
       [-0.06445803],
       [ 0.08469598]]), array([[0.10980928],
       [0.19390275],
       [2.97699598]]), array([[-0.04304007],
       [-0.0671569 ],
       [-0.01636706]]), array([[-0.12390612],
       [ 0.05863086],
       [ 3.08066459]]), array([[0.13072451],
       [0.23190145],
       [3.12503049]]), array([[-0.02375001],
       [ 0.05540562],
       [ 3.08640945]]), array([[-0.06563182],
       [ 0.55826922],
       [ 0.25317978]]), array([[0.11269745],
       [0.14895057],
       [3.10791055]]), array([[0.00873059],
       [0.1047125 ],
       [3.09132397]]), array([[-0.06787474],
       [ 0.53872215],
       [ 0.28040133]]), array([[-0.06555122],
       [-0.15416171],
       [ 0.50575121]]), array([[0.92959529],
       [0.10551219],
       [2.94235848]]), array([[-0.01249445],
       [ 0.04676238],
       [ 3.07794224]]), array([[-0.08492558],
       [-0.01002254],
       [ 0.02283265]])]


[array([[ 2.37870534],
       [-0.10016488],
       [32.17202432]]), array([[ 4.15386617],
       [ 1.54483975],
       [28.52030092]]), array([[-0.92060017],
       [ 3.40650246],
       [33.23749168]]), array([[ 0.80034751],
       [ 1.27415684],
       [29.49073863]]), array([[ 9.31410319],
       [-0.74674289],
       [28.99710349]]), array([[ 1.1530684 ],
       [ 1.44719904],
       [30.70521699]]), array([[-4.80380903],
       [-4.9721258 ],
       [28.27275636]]), array([[ 2.26381966],
       [ 0.85877523],
       [30.51423589]]), array([[-0.19610305],
       [-2.46021783],
       [28.59526286]]), array([[ 9.79840739],
       [-0.69972001],
       [29.0950911 ]]), array([[ 7.57753102],
       [ 2.2603259 ],
       [27.31742195]]), array([[ 1.48134129],
       [-1.44238877],
       [31.01222016]]), array([[-7.31849506],
       [-4.33248912],
       [39.1846477 ]]), array([[ 2.37887391],
       [ 1.48450894],
       [30.29282468]]), array([[ 7.95316011],
       [ 3.72857145],
       [28.66834214]]), array([[-6.97151096],
       [-5.17884017],
       [39.3787413 ]]), array([[-1.8243387 ],
       [-5.78214288],
       [28.46383272]]), array([[ 7.85075393],
       [ 1.83208164],
       [27.22673223]]), array([[ 6.60588772],
       [-1.08735511],
       [29.55361261]]), array([[-6.11478361],
       [-6.94841771],
       [30.86258225]])]
20 out of 79 detected

