0.3181217557889691


[[833.60604384   0.         338.20765804]
 [  0.         829.34009813 224.35748243]
 [  0.           0.           1.        ]]


[[ 1.65819516e-02  9.18041514e-01 -2.04000367e-03  8.59550335e-03
  -2.78687481e+00]]


[array([[ 0.11912931],
       [-0.77957794],
       [-0.08691606]]), array([[4.49788015e-01],
       [2.58054367e-03],
       [3.03708255e+00]]), array([[ 0.44144297],
       [-0.05507154],
       [ 3.04429106]]), array([[0.09592536],
       [1.31432176],
       [2.67362449]]), array([[-0.32826672],
       [ 0.11856122],
       [-3.11267532]]), array([[ 0.20205572],
       [-0.28722637],
       [ 3.09654962]]), array([[-0.07015549],
       [ 1.06975739],
       [ 2.90121816]]), array([[-0.19239456],
       [-1.08566939],
       [-2.9401504 ]]), array([[-0.1008188 ],
       [ 1.41642598],
       [ 2.72719233]]), array([[ 0.19771676],
       [-0.2151756 ],
       [ 3.07003075]]), array([[ 0.02001626],
       [-0.87728661],
       [ 2.95382965]]), array([[ 0.04077767],
       [-0.61877947],
       [-0.07844677]]), array([[ 0.26086834],
       [-0.26600867],
       [ 3.08525659]]), array([[ 0.30883492],
       [-0.06213016],
       [ 3.08921203]]), array([[-0.00435902],
       [-0.61417815],
       [-0.06563331]]), array([[-0.02764044],
       [-0.59432542],
       [-0.09760905]]), array([[ 0.10341731],
       [-0.77550265],
       [-0.08640335]]), array([[ 0.21263544],
       [-0.25297435],
       [ 3.07218395]]), array([[ 0.48623429],
       [-0.01768461],
       [ 3.04275107]]), array([[0.07329225],
       [0.20952523],
       [0.0556997 ]]), array([[-0.1161393 ],
       [ 1.17718268],
       [ 2.84633107]]), array([[ 0.07252273],
       [-0.26402545],
       [ 3.11638413]]), array([[-0.28597955],
       [-0.01482244],
       [-3.12321185]]), array([[-0.10248255],
       [-0.86289034],
       [ 0.44311844]]), array([[ 0.12787341],
       [-0.69681598],
       [-0.09043263]]), array([[-0.13737237],
       [-0.16585614],
       [ 3.08476825]])]


[array([[-7.48906875],
       [-8.87105928],
       [40.37240635]]), array([[10.31361259],
       [-0.28034527],
       [39.38977696]]), array([[11.31746241],
       [-0.34316149],
       [40.54701207]]), array([[ 4.63933862],
       [-0.58031122],
       [17.1897034 ]]), array([[10.20229413],
       [-0.85456494],
       [43.24394163]]), array([[ 6.70402326],
       [-1.62013423],
       [38.59080062]]), array([[ 4.17931554],
       [ 0.53666546],
       [21.25708586]]), array([[ 7.09059086],
       [-1.14444013],
       [40.22674582]]), array([[ 4.26711695],
       [ 1.05836186],
       [19.99378085]]), array([[10.80920964],
       [-2.0021882 ],
       [38.24963263]]), array([[ 9.17292631],
       [-2.48930027],
       [41.27614094]]), array([[-14.92476648],
       [ -6.74304325],
       [ 38.08002382]]), array([[ 8.31423108],
       [-1.69468083],
       [38.29405909]]), array([[11.27668982],
       [-2.9603592 ],
       [42.50683404]]), array([[-9.15992588],
       [-6.14623716],
       [39.69656644]]), array([[-12.73844467],
       [ -6.6431754 ],
       [ 38.42119932]]), array([[-7.62535738],
       [-8.99901653],
       [40.34687189]]), array([[ 9.82963385],
       [-1.79219367],
       [38.50935026]]), array([[11.38961227],
       [ 0.12526781],
       [39.24746486]]), array([[ 2.80360258],
       [-9.16200587],
       [44.06861481]]), array([[ 4.60231962],
       [ 0.77710373],
       [19.76074771]]), array([[ 4.13897639],
       [-1.58014506],
       [38.49546462]]), array([[ 7.92904187],
       [-0.36487057],
       [41.3669179 ]]), array([[-9.95991182],
       [-8.19232403],
       [38.12998422]]), array([[-10.66684554],
       [ -9.08584395],
       [ 39.01135827]]), array([[-1.97304317],
       [-1.08137879],
       [44.51051293]])]
26 out of 79 detected

